w = [12.0, 10.0, 8.4, 7.6, 6.8, 6.4, 6.4, 7.6, 8.4, 9.2, 9.6, 10.0, 10.4, 10.4, 10.8, 11.2, 11.28, 12.0, 12.4, 12.8, 12.8, 14.0, 14.4, 14.0]

reward = [
    39.66, 36.30, 30.15, 11.51,  1.07,  0.70, 13.90, 46.51,
    45.30, 59.51, 58.26, 57.00, 51.00, 46.05, 42.61, 40.97,
    46.96, 49.06, 42.67, 41.37, 40.20, 41.15, 43.13, 41.81
]

energy_cost = [
    29.32, 26.21, 23.61, 21.04, 21.62, 26.54, 32.89, 38.30,
    34.68, 39.43, 38.31, 37.30, 35.89, 34.41, 32.17, 31.04,
    31.55, 35.29, 38.60, 39.22, 37.34, 34.96, 35.36, 34.65
]



b_max = 106.33

p_b = 6.38

discharge_max = 14.5

b_min = 53.165

discharge_min = 1.45

p_max = 31.89

p_TSO = 5.315

t_max = 24

delta = 60

delta_min = 1
delta_max = 2